20002
20004
20011
20016
20017
20018
20026
20031
20032
20033
20034
20043
20046
20047
20057
20058
20061
20062
20064
20066
20067
20068
20069
20070
20073
20078
20079
20086
20090
20092
20093
20098
20102
20105
20106
20108
20109
20116
20117
20118
20122
20123
20125
20127
20128
20129
20130
20131
20133
20138
20140
20143
20146
20152
20155
20156
20174
20175
20177
20179
20180
20184
20185
20187
20192
20194
20196
20198
20200
20201
20203
20205
20208
20210
20213
20219
20222
20223
20224
20227
20228
20230
20231
20233
20234
20235
20236
20237
20239
20246
20247
20249
20251
20252
20255
20259
20262
20264
20269
20271
20274
20281
20282
20284
20285
20288
20290
20292
20297
20298
20300
20302
20305
20309
20310
20312
20313
20314
20319
20320
20323
20325
20328
20330
20335
20339
20341
20342
20343
20348
20349
20352
20355
20356
20362
20363
20365
20369
20372
20374
20376
20377
20379
20380
20383
20386
20390
20392
20393
20394
20395
20399
20400
20402
20408
20416
20419
20420
20422
20424
20425
20430
20444
20445
20447
20450
20452
20453
20454
20455
20456
20457
20458
20462
20471
20475
20477
20479
20480
20481
20482
20484
20485
20494
20497
20499
20503
20504
20506
20508
20510
20513
20514
20517
20520
20522
20523
20527
20530
20532
20535
20537
20543
20548
20549
20551
20557
20562
20564
20566
20568
20571
20575
20578
20579
20582
20584
20585
20587
20588
20591
20594
20597
20607
20613
20616
20617
20618
20619
20623
20624
20625
20632
20633
20638
20639
20640
20641
20648
20650
20655
20660
20668
20669
20674
20675
20676
20677
20678
20681
20682
20685
20688
20689
20691
20696
20699
20701
20702
20704
20705
20706
20709
20710
20711
20712
20715
20719
20720
20722
20724
20726
20729
20730
20733
20735
20739
20744
20745
20746
20747
20748
20755
20757
20762
20763
20765
20769
20775
20777
20778
20783
20788
20793
20794
20799
20800
20801
20805
20806
20807
20808
20809
20811
20812
20817
20820
20821
20823
20825
20828
20830
20834
20837
20839
20840
20841
20842
20845
20846
20847
20848
20849
20852
20854
20856
20857
20859
20861
20869
20872
20876
20878
20879
20880
20882
20887
20890
20891
20894
20895
20896
20900
20903
20904
20905
20908
20911
20913
20914
20918
20919
20924
20925
20927
20929
20931
20933
20936
20937
20942
20945
20950
20951
20953
20959
20960
20961
20962
20974
20978
20985
20987
20988
20989
20990
20993
20994
20996
20998
20999
21009
21010
21012
21019
21022
21025
21028
21030
21032
21040
21041
21045
21046
21050
21051
21054
21055
21056
21057
21058
21060
21061
21063
21064
21065
21066
21070
21071
21075
21076
21081
21084
21090
21094
21097
21098
21102
21104
21107
21108
21112
21115
21116
21121
21123
21125
21127
21128
21130
21134
21135
21138
21140
21143
21145
21146
21152
21155
21156
21157
21165
21166
21167
21172
21176
21177
21178
21184
21186
21190
21191
21195
21196
21197
21202
21205
21207
21208
21209
21212
21214
21216
21218
21219
21221
21227
21233
21236
21239
21242
21243
21244
21246
21251
21254
21257
21258
21260
21262
21263
21266
21270
21273
21276
21277
21278
21282
21286
21288
21292
21294
21296
21299
21300
21301
21302
21306
21308
21315
21316
21318
21319
21320
21321
21323
21324
21327
21328
21330
21331
21332
21334
21337
21338
21340
21343
21345
21355
21356
21364
21366
21367
21372
21375
21376
21377
21381
21383
21388
21389
21390
21392
21393
21395
21398
21400
21401
21404
21406
21408
21410
21411
21413
21415
21417
21418
21419
21423
21424
21427
21428
21429
21436
21445
21447
21449
21451
21454
21459
21467
21472
21476
21477
21478
21484
21487
21488
21491
21496
21502
21505
21507
21508
21512
21513
21514
21515
21519
21521
21524
21525
21528
21529
21530
21532
21533
21538
21539
21541
21543
21544
21546
21548
21553
21554
21558
21560
21562
21565
21566
21567
21568
21569
21570
21574
21575
21580
21582
21584
21586
21590
21591
21597
21599
21602
21605
21607
21615
21616
21618
21620
21629
21630
21631
21632
21638
21639
21643
21647
21649
21650
21651
21652
21653
21654
21655
21656
21657
21658
21660
21665
21666
21667
21671
21672
21673
21674
21675
21676
21677
21679
21680
21681
21682
21683
21684
21685
21686
21687
21688
21689
21690
21691
21694
21695
21697
21698
21700
21701
21702
21703
21704
21705
21706
21707
21710
21711
21712
21713
21714
21715
21716
21719
21721
21722
21725
21726
21727
21728
21729
21730
21731
21732
21733
21734
21735
21736
21737
21738
21739
21740
21741
21742
21743
21744
21745
21746
21747
21748
21749
21750
21751
21752
21757
21758
21759
21760
21761
21762
21763
21764
21765
21766
21767
21769
21770
21771
21777
21778
21779
21783
21792
21794
21795
21797
21798
21800
21801
21820
21821
21826
21827
21829
21830
21831
21833
21834
21835
21836
21837
21838
21839
21840
21841
21842
21849
21854
21855
21865
21867
21870
21874
21875
21877
21879
21880
21890
21891
21892
21893
21897
21898
21899
21900
21901
21902
21903
21904
21905
21906
21907
21914
21915
21917
21918
21919
21920
21921
21922
21923
21929
21931
21933
21934
21935
21936
21937
21938
21939
21940
21941
21942
21943
21944
21945
21946
21947
21948
21949
21950
21951
21952
21953
21954
21955
21956
21957
21958
21960
21967
21968
21969
21970
21974
21975
21976
21979
21980
21981
21982
21983
21984
21985
21986
21987
21988
21994
21995
21996
21997
21998
21999
22000
22001
22002
22003
22004
22005
22006
22007
22008
22014
22017
22018
22019
22023
22024
22025
22027
22028
22029
22030
22031
22032
22062
22063
22066
22067
22069
22070
22071
22072
22073
22074
22075
22076
22077
22078
22079
22080
22081
22082
22083
22084
22085
22086
22087
22088
22089
22090
22091
22092
22093
22098
22099
22100
22102
22103
22104
22105
22118
22119
22120
22121
22122
22123
22124
22125
22126
22127
22128
22129
22130
22131
22133
22134
22135
22136
22137
22138
22139
22140
22141
22142
22143
22144
22145
22147
22148
22149
22150
22151
22152
22156
22157
22158
22159
22160
22161
22162
22163
22164
22165
22166
22167
22168
22169
22170
22171
22172
22173
22174
22175
22176
22177
22178
22179
22180
22181
22192
22208
22209
22213
22214
22215
22216
22235
22237
22238
22240
22302
22303
22305
22306
22307
22308
22309
22311
22312
22313
22314
22315
22316
22320
22324
22326
22327
22329
22332
22333
22334
22335
22336
22337
22357
22358
22360
22367
22368
22383
22387
22388
22389
22390
22392
22419
22420
22497
22498
22499
22500
22501
22502
22503
22508
22509
22510
22511
22512
22513
22514
22515
22516
22517
22518
22519
22520
22521
22522
22523
22524
22525
22526
22527
22528
22529
22531
22532
22533
22534
22535
22536
22537
22538
22539
22540
22541
22542
22543
22544
22545
22546
22547
22548
22550
22551
22552
22553
22554
22555
22556
22557
22558
22597
22598
22599
22600
22601
22602
22603
22604
22605
22606
22607
22608
22609
22610
22615
22634
22635
22636
22637
22641
22642
22643
22644
22645
22646
22647
22648
22649
22652
22653
22654
22655
22656
22657
22658
22659
22660
22661
22662
22663
22664
22665
22666
22667
22669
22670
22672
22673
22674
22675
22676
22677
22678
22679
22680
22681
22682
22683
22684
22685
22686
22687
22688
22689
22691
22692
22693
22694
22695
22782
22789
22793
22794
22795
22796
22797
22798
22800
22801
22804
22806
22807
22813
22814
22815
22816
22817
22818
22819
22820
22821
22822
22823
22824
22825
22829
22830
22842
22843
22931
22932
22936
22937
22938
22939
22940
22941
22945
22946
22947
22952
22953
22954
22957
22958
22961
22962
22963
22983
22984
22985
22986
22987
22989
23023
23026
23027
23028
23035
23036
23037
23038
23039
23040
23041
23042
23043
23044
23045
23046
23047
23048
23049
23050
23051
23052
23054
23055
23056
23057
23058
23059
23060
23062
23063
23064
23065
23066
23067
23068
23069
23070
23071
23072
23073
23074
23075
23076
23077
23078
23079
23080
23081
23082
23083
23084
23085
23086
23087
23088
23089
23090
23091
23092
23093
23094
23095
23096
23097
23098
23099
23100
23101
23102
23103
23104
23105
23106
23107
23114
23115
23116
23117
23118
23119
23121
23122
23123
23124
23126
23128
23129
23131
23132
23134
23176
23179
23214
23215
23216
23217
23218
23219
23221
23227
23236
23237
23240
23241
23242
23243
23244
23245
23246
23247
23248
23249
23251
23252
23253
23254
23255
23256
23257
23258
23259
23260
23261
23262
23263
23264
23265
23266
23270
23271
23272
23274
23275
23278
23281
23292
23294
23296
23297
23298
23299
23300
23301
23304
23319
23321
23322
23323
23324
23328
23329
23332
23337
23341
23343
23432
23433
23434
23435
23436
23437
23438
23439
23440
23441
23442
23443
23444
23448
23456
23457
23458
23459
23460
23461
23464
23466
23467
23468
23470
23472
23475
23476
23478
23479
23480
23481
23482
23483
23488
23490
23491
23492
23493
23496
23497
23498
23499
23501
23505
23516
23517
23518
23519
23521
23522
23524
23525
23527
23528
23529
23530
23531
23533
23535
23557
23561
23563
23564
23565
23566
23568
23571
23572
23573
23575
23577
23580
23583
23585
23586
23587
23588
23592
23593
23604
23605
23667
23668
23669
23670
23673
23674
23676
23677
23681
23682
23685
23686
23687
23688
23692
23693
23694
23695
23696
23697
23698
23700
23701
23702
23706
23707
23712
23713
23714
23715
23716
23717
23718
23719
23720
23721
23722
23723
23724
23725
23726
23727
23728
23729
23730
23731
23732
23733
23734
23735
23736
23737
23740
23741
23742
23744
23745
23746
23747
23748
23749
23752
23753
23754
23756
23757
23758
23760
23761
23762
23764
23765
23766
23768
23769
23770
23772
23773
23774
23775
23776
23777
23778
23779
23780
23781
23782
23783
23788
23789
23790
23791
23792
23795
23797
23801
23802
23803
23806
23808
23809
23812
23814
23815
23816
23817
23818
23819
23820
23821
23822
23823
23825
23826
23827
23828
23831
23832
23835
23836
23837
23838
23839
23840
23841
23842
23843
23846
23847
23848
23851
23852
23853
23854
23860
23861
23866
23867
23877
23881
23882
23883
23884
23885
23886
23887
23888
23889
23890
23891
23894
23895
23915
23916
23918
23919
23920
23921
23924
23925
23926
23927
23928
23929
23932
23933
23934
23936
23937
23939
23947
24034
24037
24038
24039
24047
24048
24049
24050
24051
24052
24054
24055
24056
24057
24058
24059
24067
24068
24069
24070
24071
24072
24073
24074
24075
24076
24077
24078
24079
24080
24081
24082
24084
24085
24086
24087
24088
24090
24091
24092
24093
24098
24099
24100
24101
24102
24103
24105
24108
24114
24115
24116
24117
24118
24119
24120
24121
24122
24123
24124
24125
24126
24127
24128
24129
24130
24131
24132
24133
24135
24137
24138
24140
24141
24144
24145
24146
24159
24160
24161
24162
24163
24167
24168
24169
24170
24171
24172
24173
24179
24186
24188
24200
24201
24202
24214
24222
24223
24224
24225
24226
24227
24228
24229
24230
24231
24232
24233
24234
24235
24236
24237
24284
24285
24286
24288
24289
24290
24291
24292
24296
24301
24302
24307
24308
24309
24310
24311
24312
24313
24314
24315
24323
24324
24325
24326
24327
24334
24335
24336
24337
24345
24348
24350
24351
24352
24366
24378
24383
24384
24387
24388
24389
24390
24391
24393
24395
24397
24398
24400
24401
24404
24407
24411
24424
24434
24440
24442
24445
24448
24449
24451
24452
24457
24458
24466
24488
24489
24492
24493
24494
24495
24496
24497
24498
24499
24500
24501
24502
24503
24504
24505
24506
24507
24508
24509
24510
24511
24512
24513
24514
24515
24516
24517
24522
24523
24524
24525
24540
24541
24542
24543
24544
24546
24548
24549
24550
24551
24552
24553
24554
24555
24556
24557
24558
24559
24560
24561
24562
24563
24564
24565
24566
24567
24568
24569
24570
24571
24572
24573
24574
24575
24576
24577
24578
24579
24580
24581
24582
24583
24584
24585
24586
24587
24588
24589
24590
24591
24592
24595
24600
24602
24603
24604
24605
24606
24607
24608
24609
24610
24611
24612
24614
24615
24616
24617
24618
24619
24620
24633
24634
24643
24644
24645
24646
24654
24660
24663
24665
24666
24667
24672
24673
24674
24675
24676
24677
24678
24680
24683
24684
24685
24686
24687
24689
24694
24695
24696
24698
24699
24700
24701
24702
24703
24704
24705
24706
24708
24709
24710
24711
24712
24715
24716
24717
24719
24720
24723
24731
24733
24736
24737
24741
24742
24745
24746
24747
24748
24750
24751
24752
24754
24755
24756
24757
24758
24759
24760
24763
24764
24770
24771
24772
24773
24775
24777
24778
24779
24780
24784
24785
24786
24787
24788
24789
24790
24791
24792
24793
24794
24795
24796
24798
24799
24800
24801
24802
24803
24804
24805
24807
24809
24811
24812
24813
24814
24816
24821
24835
24836
24837
24838
24841
24846
24849
24853
24855
24857
24859
24938
25029
25034
25035
25036
25037
25038
25042
25044
25045
25046
25047
25048
25105
25133
25134
25136
25137
25138
25139
25140
25141
25142
25143
25146
25148
25149
25150
25151
25152
25153
25154
25155
25161
25164
25165
25166
25167
25168
25169
25174
25175
25178
25179
25180
25181
25182
25183
25184
25187
25188
25189
25190
25191
25192
25193
25194
25195
25196
25197
25198
25199
25200
25201
25208
25209
25210
25211
25212
25213
25214
25215
25241
25242
25243
25244
25245
25246
25247
25249
25250
25251
25252
25254
25255
25257
25258
25259
25260
25261
25262
25264
25269
25270
25271
25272
25273
25274
25275
25276
25284
25289
25291
25292
25293
25294
25296
25297
25298
25299
25300
25301
25302
25303
25304
25309
25310
25311
25313
25320
25321
25322
25323
25325
25326
25327
25328
25330
25331
25332
25333
25334
25335
25336
25337
25338
25339
25348
25349
25350
25354
25355
25356
25357
25358
25359
25360
25361
25363
25365
25366
25368
25371
25376
25382
25384
25390
25392
25393
25394
25395
25396
25397
25398
25399
25400
25401
25402
25404
25405
25406
25407
25409
25410
25411
25412
25414
25424
25425
25427
25448
25449
25450
25452
25459
25472
25473
25474
25476
25478
25479
25490
25497
25498
25502
25503
25506
25511
25518
25519
25525
25526
25543
25546
25549
25550
25553
25557
25560
25561
25565
25581
25584
25627
25654
25655
25657
25658
25659
25660
25661
25662
25669
25670
25671
25672
25673
25674
25675
25676
25678
25685
25687
25688
25689
25690
25691
25692
25693
25694
25695
25696
25697
25698
25699
25700
25703
25704
25705
25706
25707
25708
25710
25711
25712
25713
25714
25715
25718
25719
25721
25722
25724
25737
25738
25742
25743
25744
25745
25746
25750
25751
25752
25753
25754
25756
25760
25766
25767
25771
25772
25773
25774
25775
25776
25781
25782
25783
25787
25792
25793
25794
25795
25796
25797
25798
25799
25800
25801
25802
25803
25806
25807
25808
25809
25811
25817
25822
25823
25824
25825
25826
25828
25829
25830
25833
25834
25835
25836
25837
25839
25841
25842
25844
25845
25846
25847
25848
25852
25855
25856
25857
25858
25859
25860
25861
25862
25865
25867
25868
25869
25870
25872
25873
25874
25875
25876
25891
25892
25893
25894
25898
25904
25905
25906
25907
25908
25909
25910
25911
25912
25913
25914
25915
25916
25917
25918
25919
25920
25921
25922
25923
25924
25925
25926
25927
25928
25930
25933
25948
25950
25954
25956
25957
25958
25959
25960
25961
25962
25964
25965
25966
25967
25968
25969
25970
25971
25972
25973
25975
25983
25984
25986
25987
25988
25990
25994
25995
25996
25997
26017
26020
26021
26023
26024
26025
26026
26027
26028
26029
26030
26031
26032
26040
26041
26045
26046
26047
26048
26050
26051
26052
26053
26054
26055
26057
26064
26065
26066
26067
26068
26069
26070
26071
26072
26073
26074
26075
26097
26098
26099
26102
26103
26104
26105
26106
26107
26110
26114
26119
26120
26122
26123
26125
26126
26127
26128
26129
26130
26131
26132
26135
26136
26137
26138
26139
26143
26155
26156
26165
26167
26172
26174
26178
26179
26184
26185
26189
26190
26192
26208
26209
26210
26211
26212
26213
26227
26229
26230
26231
26233
26273
26274
26276
26278
26296
26299
26300
26309
26310
26312
26313
26317
26325
26327
26328
26366
26375
26378
26379
26381
26386
26390
26391
26399
26400
26401
26402
26403
26404
26405
26406
26407
26408
26434
26435
26436
26437
26438
26440
26441
26442
26443
26444
26445
26446
26447
26448
26449
26450
26451
26452
26454
26456
26457
26466
26467
26470
26471
26472
26473
26498
26499
26501
26502
26503
26504
26505
26506
26507
26509
26510
26511
26512
26514
26516
26517
26518
26519
26520
26522
26523
26524
26525
26535
26539
26563
26580
26582
26585
26603
26604
26609
26613
26614
26615
26616
26617
26620
26625
26626
26636
26637
26642
26643
26644
26649
26651
26652
26659
26660
26661
26666
26667
26675
26679
26680
26681
26682
26685
26691
26692
26694
26696
26697
26698
26700
26701
26702
26703
26704
26705
26708
26713
26714
26715
26716
26743
26747
26752
26754
26756
26757
26761
26768
26789
26791
26792
26793
26806
26807
26827
26828
26844
26845
26851
26856
26860
26870
26871
26872
26874
26875
26878
26879
26880
26885
26888
26897
26900
26904
26931
26932
26954
26955
26959
26963
26964
26970
26976
26979
26981
26982
26984
26985
26991
26993
26994
26998
26999
27000
27001
27013
27015
27017
27018
27027
27037
27039
27040
27041
27042
27043
27044
27046
27047
27048
27054
27063
27089
27090
27092
27093
27096
27097
27106
27108
27109
27114
27121
27123
27130
27131
27132
27139
27141
27145
27146
27149
27167
27175
27181
27182
27186
27193
27195
27212
27213
27214
27215
27216
27228
27229
27230
27279
27282
27283
27285
27286
27298
27324
27325
27327
27328
27329
27330
27331
27332
27333
27334
27344
27345
27347
27350
27351
27357
27358
27362
27374
27380
27382
27387
27388
27389
27390
27391
27392
27397
27401
27402
27403
27404
27405
27413
27420
27426
27433
27434
27438
27439
27441
27448
27449
27450
27451
27452
27453
27454
27455
27456
27457
27459
27469
27475
27484
27485
27486
27488
27490
27491
27492
27493
27494
27495
27497
27502
27503
27515
27516
27518
27524
27583
27584
27585
27587
27588
27589
27590
27596
27597
27598
27601
27611
27612
27613
27614
27615
27617
27618
27619
27620
27621
27622
27623
27624
27626
27629
27635
27636
27637
27639
27641
27642
27643
27644
27645
27646
27647
27648
27649
27658
27659
27660
27661
27662
27663
27664
27666
27671
27672
27674
27679
27680
27688
27690
27695
27706
27716
27733
27736
27747
27749
27750
27763
27764
27773
27774
27776
27798
27799
27801
27803
27804
27806
27807
27815
27822
27826
27835
27836
27839
27843
27845
27847
27849
27850
27852
27859
27860
27863
27943
27954
27955
27970
27973
27975
27989
27990
27993
27994
27996
27997
28000
28003
28015
28018
28019
28020
28024
28025
28026
28029
28030
28932
28933
28934
28935
28936
28938
28939
28940
28941
28942
28943
28944
28946
28947
28948
28949
28950
28951
28958
28960
28961
28962
28965
28966
28970
28971
28972
28975
28978
28979
28980
28981
28982
28985
28986
28987
28988
28990
28991
28992
28993
28994
28995
29000
29001
29002
29003
29004
29005
29006
29007
29008
29009
29010
29011
29012
29013
29014
29015
29016
29019
29021
29024
29025
29030
29031
29032
29033
29034
29037
29038
29040
29041
29042
29043
29045
29046
29052
29053
29054
29055
29056
29057
29058
29059
29060
29061
29062
29063
29064
29065
29066
29067
29068
29069
29070
29071
29072
29073
29082
29083
29084
29085
29088
29089
29090
29091
29092
29093
29094
29095
29096
29097
29098
29099
29100
29101
29110
29111
29112
29113
29114
29115
29116
29117
29118
29119
29121
29123
29124
29125
29126
29127
29129
29130
29131
29132
29133
29134
29135
29136
29137
29138
29139
29140
29166
29168
29169
29170
29182
29189
29214
29215
29218
29219
29220
29221
29222
29223
29224
29225
29226
29229
29230
29231
29232
29237
29243
29244
29245
29246
29248
29249
29270
29271
29272
29273
29274
29275
29276
29277
29278
29279
29282
29283
29284
29285
29286
29287
29288
29294
29295
29296
29297
29298
29299
29300
29301
29302
29303
29304
29306
29307
29308
29309
29310
29311
29312
29313
29314
29315
29316
29317
29318
29319
29320
29321
29324
29325
29326
29327
29328
29329
29330
29331
29332
29333
29334
29335
29336
29338
29339
29340
29341
29342
29354
29355
29356
29357
29358
29359
29360
29361
29362
29363
29364
29365
29366
29367
29368
29369
29370
29371
29372
29373
29374
29375
29376
29377
29378
29379
29380
29381
29382
29383
29384
29385
29386
29387
29388
29389
29390
29391
29392
29393
29394
29395
29396
29397
29398
29399
29400
29401
29404
29405
29406
29407
29408
29409
29410
29411
29413
29414
29415
29416
29417
29418
29419
29420
29422
29423
29424
29425
29426
29431
29432
29433
29434
29435
29436
29437
29439
29440
29441
29443
29444
29445
29446
29447
29448
29449
29450
29451
29452
29455
29456
29457
29458
29459
29460
29461
29463
29464
29466
29467
29468
29469
29470
29471
29472
29473
29474
29475
29476
29477
29478
29479
29480
29481
29482
29483
29484
29491
29492
29493
29496
29497
29498
29499
29500
29502
29503
29504
29505
29506
29513
29516
29517
29518
29519
29520
29521
29522
29523
29524
29525
29526
29527
29528
29529
29530
29532
29533
29534
29535
29536
29537
29538
29539
29540
29541
29542
29543
29544
29545
29546
29547
29548
29558
29559
29560
29561
29562
29563
29564
29578
29579
29580
29581
29582
29583
29584
29585
29586
29587
29588
29589
29590
29591
29592
29600
29601
29602
29606
29607
29608
29611
29612
29615
29616
29617
29618
29619
29624
29625
29626
29627
29628
29629
29630
29631
29641
29643
29644
29645
29650
29651
29652
29654
29657
29658
29669
29670
29672
29673
29674
29675
29678
29679
29680
29681
29683
29684
29686
29689
29690
29691
29692
29693
29696
29697
29700
29701
29703
29704
29705
29708
29709
29710
29711
29712
29713
29716
29717
29718
29719
29723
29724
29725
29726
29727
29728
29729
29730
29731
29736
29737
29738
29739
29740
29742
29743
29744
29745
29746
29747
29748
29755
29756
29757
29758
29759
29760
29761
29762
29767
29768
29772
29773
29774
29775
29776
29778
29802
29803
29804
29805
29806
29808
29809
29810
29811
29812
29814
29815
29816
29817
29818
29819
29820
29821
29823
29824
29825
29826
29827
29828
29829
29837
29838
29839
29840
29841
29842
29846
29847
29848
29849
29850
29854
29855
29856
29857
29858
29859
29860
29861
29863
29868
29869
29870
29871
29872
29873
29874
29875
29876
29877
29878
29879
29880
29881
29882
29883
29884
29885
29886
29887
29888
29889
29890
29891
29892
29894
29895
29896
29897
29898
29901
29903
29907
29908
29909
29910
29911
29912
29914
29915
29916
29917
29918
29919
29920
29921
29922
29923
29924
29925
29926
29927
29928
29929
29930
29931
29932
29934
29935
29936
29937
29938
29939
29940
29941
29945
29946
29947
29948
29949
29950
29951
29952
29954
29955
29958
29959
29960
29961
29962
29963
29964
29966
29967
29968
29970
29971
29972
29973
29974
29975
29976
29977
29978
29979
29980
29981
29982
29983
29984
29986
29987
29988
29990
29991
29992
29993
29994
29995
29996
29997
29998
29999
30000
30001
30002
30003
30004
30005
30006
30010
30011
30012
30013
30014
30015
30016
30017
30018
30019
30020
30021
30022
30023
30024
30025
30031
30032
30033
30034
30035
30036
30037
30038
30042
30043
30044
30045
30046
30047
30048
30049
30050
30051
30052
30053
30054
30055
30065
30066
30067
30068
30069
30070
30071
30072
30073
30074
30075
30076
30077
30078
30079
30080
30081
30082
30087
30088
30089
30090
30091
30092
30093
30094
30096
30097
30098
30099
30100
30101
30102
30103
30104
30105
30106
30107
30108
30109
30110
30111
30112
30113
30114
30115
30116
30117
30118
30119
30120
30121
30122
30123
30125
30126
30127
30128
30132
30133
30134
30135
30137
30138
30139
30140
30141
30143
30144
30145
30146
30147
30148
30149
30150
30151
30152
30154
30155
30156
30157
30158
30159
30160
30161
30171
30172
30173
30174
30175
30176
30177
30178
30185
30186
30187
30188
30189
30190
30191
30195
30197
30198
30199
30200
30201
30223
30224
30225
30226
30227
30228
30229
30230
30231
30232
30233
30236
30237
30238
30240
30241
30243
30245
30247
30249
30255
30256
30257
30258
30259
30260
30261
30262
30263
30264
30265
30266
30267
30268
30269
30270
30271
30272
30273
30274
30275
30276
30277
30278
30279
30280
30281
30282
30283
30284
30285
30286
30287
30288
30289
30290
30291
30292
30293
30294
30295
30296
30297
30298
30299
30300
30301
30302
30303
30304
30305
30306
30307
30308
30309
30310
30311
30312
30313
30314
30315
30316
30317
30318
30319
30320
30321
30322
30323
30324
30325
30326
30327
30328
30329
30330
30331
30332
30333
30334
30335
30336
30337
30338
30339
30340
30341
30342
30343
30344
30345
30346
30347
30348
30349
30350
30351
30352
30353
30354
30355
30356
30357
30358
30359
30360
30361
30363
30364
30365
30366
30367
30368
30369
30371
30374
30375
30376
30381
30384
30385
30387
30388
30389
30390
30391
30392
30393
30396
30397
30400
30401
30402
30405
30406
30408
30412
30413
30414
30415
30416
30418
30419
30431
30432
30433
30434
30436
30440
30441
30442
30443
30445
30446
30448
30449
30455
30457
30458
30459
30461
30462
30463
30464
30466
30480
30482
30483
30484
30485
30486
30487
30488
30489
30492
30493
30494
30496
30501
30513
30514
30515
30516
30517
30518
30519
30521
30523
30524
30525
30530
30531
30532
30533
30534
30535
30536
30539
30540
30541
30543
30547
30548
30549
30550
30551
30552
30555
30558
30560
30561
30562
30563
30564
30565
30567
30570
30571
30576
30577
30578
30580
